$ 1 0.000005 10.20027730826997 50 5 43 5e-11
L 64 144 32 144 0 0 false 5 0
L 64 192 32 192 0 0 false 5 0
I 64 144 144 144 0 0.5 5
I 64 192 144 192 0 0.5 5
L 64 272 32 272 0 0 false 5 0
150 160 160 256 160 0 2 0 5
w 64 192 64 176 0
w 64 176 160 176 0
w 144 144 160 144 0
w 64 144 64 240 0
w 64 240 144 240 0
w 144 192 144 208 0
150 144 224 272 224 0 2 0 5
152 272 192 384 192 0 2 0 5
w 272 224 272 208 0
w 256 160 272 160 0
w 272 160 272 176 0
150 384 208 448 208 0 2 0 5
w 64 272 384 272 0
w 384 272 384 224 0
w 448 208 464 208 0
w 144 144 144 304 0
w 144 304 176 304 0
w 144 192 144 336 0
w 144 336 176 336 0
150 176 320 240 320 0 2 5 5
w 64 144 64 384 0
w 64 384 256 384 0
w 240 320 256 320 0
150 256 352 352 352 0 2 0 5
w 256 320 256 336 0
w 256 384 256 368 0
w 352 352 464 352 0
w 464 352 464 240 0
150 464 224 544 224 0 2 0 5
M 544 224 560 224 0 2.5
